2889,3
2889,2
2889,1
2889,0
2888,3
2888,2
2888,1
2888,0
2887,3
2887,2
2887,1
2887,0
2886,3
2886,2
2886,1
2886,0
2885,3
2885,2
2885,1
2885,0
2884,3
2884,2
2884,1
2884,0
2883,3
2883,2
2883,1
2883,0
2882,3
2882,2
2882,1
2882,0
2881,3
2881,2
2881,1
2881,0
2880,3
2880,2
2880,1
2880,0
2879,3
2879,2
2879,1
2879,0
2878,4
2878,3
2878,2
2878,1
2878,0
2877,3
2877,2
2877,1
2877,0
2876,3
2876,2
2876,1
2876,0
2875,3
2875,2
2875,1
2875,0
2,218
1,9
2874,4
2874,3
2874,2
2874,1
2874,0
2873,4
2873,3
2873,2
2873,1
2873,0
2,217
2872,3
2872,2
2872,1
2872,0
2702,6
2702,5
2871,3
2871,2
2871,1
2871,0
2870,3
2870,2
2870,1
2870,0
2869,3
2869,2
2869,1
2869,0
2868,3
2868,2
2868,1
2868,0
2867,3
2867,2
2867,1
2867,0
2866,3
2866,2
2866,1
2866,0
2865,4
2865,3
2865,2
2865,1
2865,0
2864,5
2864,4
2864,3
2864,2
2864,1
2864,0
2863,6
2863,5
2863,4
2863,3
2863,2
2863,1
2863,0
2862,4
2862,3
2862,2
2862,1
2862,0
2861,3
2861,2
2861,1
2861,0
2860,3
2860,2
2860,1
2860,0
2859,3
2859,2
2859,1
2859,0
2858,3
2858,2
2858,1
2858,0
2,216
2857,3
2857,2
2857,1
2857,0
2856,3
2856,2
2856,1
2856,0
2855,5
2855,4
2855,3
2855,2
2855,1
2855,0
2,215
2854,6
2854,5
2854,4
2854,3
2854,2
2854,1
2854,0
2853,4
2853,3
2853,2
2853,1
2853,0
2852,4
2852,3
2852,2
2852,1
2852,0
2851,4
2851,3
2851,2
2851,1
2851,0
2850,3
2850,2
2850,1
2850,0
2849,4
2849,3
2849,2
2849,1
2849,0
2791,6
2791,5
2613,5
2613,4
2661,13
2661,12
2661,11
2661,10
2661,9
2661,8
2661,7
2616,6
2616,5
2616,4
2834,5
2834,4
2672,5
2672,4
2848,3
2848,2
2848,1
2848,0
2847,3
2847,2
2847,1
2847,0
2846,3
2846,2
2846,1
2846,0
2845,3
2845,2
2845,1
2845,0
2844,4
2844,3
2844,2
2844,1
2844,0
2843,3
2843,2
2843,1
2843,0
2842,7
2842,6
2842,5
2842,4
2842,3
2842,2
2842,1
2842,0
2841,4
2841,3
2841,2
2841,1
2841,0
2840,4
2840,3
2840,2
2840,1
2840,0
2839,3
2839,2
2839,1
2839,0
2838,5
2838,4
2838,3
2838,2
2838,1
2838,0
2837,4
2837,3
2837,2
2837,1
2837,0
2836,5
2836,4
2836,3
2836,2
2836,1
2836,0
2835,3
2835,2
2835,1
2835,0
2834,3
2834,2
2834,1
2834,0
2833,3
2833,2
2833,1
2833,0
2832,6
2832,5
2832,4
2832,3
2832,2
2832,1
2832,0
2831,3
2831,2
2831,1
2831,0
2830,4
2830,3
2830,2
2830,1
2830,0
2829,3
2829,2
2829,1
2829,0
2828,6
2828,5
2828,4
2828,3
2828,2
2828,1
2828,0
2827,3
2827,2
2827,1
2827,0
2826,3
2826,2
2826,1
2826,0
2825,4
2825,3
2825,2
2825,1
2825,0
2824,5
2824,4
2824,3
2824,2
2824,1
2824,0
2823,4
2823,3
2823,2
2823,1
2823,0
2822,3
2822,2
2822,1
2822,0
2821,5
2821,4
2821,3
2821,2
2821,1
2821,0
2820,3
2820,2
2820,1
2820,0
2819,3
2819,2
2819,1
2819,0
2818,5
2818,4
2818,3
2818,2
2818,1
2818,0
2817,6
2817,5
2817,4
2817,3
2817,2
2817,1
2817,0
2816,6
2816,5
2816,4
2816,3
2816,2
2816,1
2816,0
2815,6
2815,5
2815,4
2815,3
2815,2
2815,1
2815,0
2814,4
2814,3
2814,2
2814,1
2814,0
2813,3
2813,2
2813,1
2813,0
2812,3
2812,2
2812,1
2812,0
2811,4
2811,3
2811,2
2811,1
2811,0
2810,3
2810,2
2810,1
2810,0
2809,3
2809,2
2809,1
2809,0
2808,3
2808,2
2808,1
2808,0
2807,5
2807,4
2807,3
2807,2
2807,1
2807,0
2806,8
2806,7
2806,6
2806,5
2806,4
2806,3
2806,2
2806,1
2806,0
2805,6
2805,5
2805,4
2805,3
2805,2
2805,1
2805,0
2804,6
2804,5
2804,4
2804,3
2804,2
2804,1
2804,0
2803,3
2803,2
2803,1
2803,0
2802,4
2802,3
2802,2
2802,1
2802,0
2801,4
2801,3
2801,2
2801,1
2801,0
2800,4
2800,3
2800,2
2800,1
2800,0
2799,13
2799,12
2799,11
2799,10
2799,9
2799,8
2799,7
2799,6
2799,5
2799,4
2799,3
2799,2
2799,1
2799,0
2798,3
2798,2
2798,1
2798,0
2797,3
2797,2
2797,1
2797,0
2796,6
2796,5
2796,4
2796,3
2796,2
2796,1
2796,0
2795,6
2795,5
2795,4
2795,3
2795,2
2795,1
2795,0
2794,4
2794,3
2794,2
2794,1
2794,0
2793,6
2793,5
2793,4
2793,3
2793,2
2793,1
2793,0
2792,4
2792,3
2792,2
2792,1
2792,0
2791,4
2791,3
2791,2
2791,1
2791,0
2790,3
2790,2
2790,1
2790,0
2789,4
2789,3
2789,2
2789,1
2789,0
2788,3
2788,2
2788,1
2788,0
2787,3
2787,2
2787,1
2787,0
2786,3
2786,2
2786,1
2786,0
2785,3
2785,2
2785,1
2785,0
2784,4
2784,3
2784,2
2784,1
2784,0
2783,3
2783,2
2783,1
2783,0
2782,4
2782,3
2782,2
2782,1
2782,0
2781,3
2781,2
2781,1
2781,0
2780,3
2780,2
2780,1
2780,0
2779,3
2779,2
2779,1
2779,0
2778,3
2778,2
2778,1
2778,0
2777,4
2777,3
2777,2
2777,1
2777,0
2776,4
2776,3
2776,2
2776,1
2776,0
2775,3
2775,2
2775,1
2775,0
2774,3
2774,2
2774,1
2774,0
2773,3
2773,2
2773,1
2773,0
2772,3
2772,2
2772,1
2772,0
2771,5
2771,4
2771,3
2771,2
2771,1
2771,0
2770,5
2770,4
2770,3
2770,2
2770,1
2770,0
2769,6
2769,5
2769,4
2769,3
2769,2
2769,1
2769,0
2768,4
2768,3
2768,2
2768,1
2768,0
2767,5
2767,4
2767,3
2767,2
2767,1
2767,0
2766,3
2766,2
2766,1
2766,0
2765,5
2765,4
2765,3
2765,2
2765,1
2765,0
2764,3
2764,2
2764,1
2764,0
2763,3
2763,2
2763,1
2763,0
2762,4
2762,3
2762,2
2762,1
2762,0
2761,4
2761,3
2761,2
2761,1
2761,0
2760,4
2760,3
2760,2
2760,1
2760,0
2759,8
2759,7
2759,6
2759,5
2759,4
2759,3
2759,2
2759,1
2759,0
2758,3
2758,2
2758,1
2758,0
2757,8
2757,7
2757,6
2757,5
2757,4
2757,3
2757,2
2757,1
2757,0
2756,3
2756,2
2756,1
2756,0
2755,4
2755,3
2755,2
2755,1
2755,0
2754,5
2754,4
2754,3
2754,2
2754,1
2754,0
2753,4
2753,3
2753,2
2753,1
2753,0
2752,16
2752,15
2752,14
2752,13
2752,12
2752,11
2752,10
2752,9
2752,8
2752,7
2752,6
2752,5
2752,4
2752,3
2752,2
2752,1
2752,0
2751,3
2751,2
2751,1
2751,0
2750,4
2750,3
2750,2
2750,1
2750,0
2749,5
2749,4
2749,3
2749,2
2749,1
2749,0
2748,3
2748,2
2748,1
2748,0
2747,5
2747,4
2747,3
2747,2
2747,1
2747,0
2746,3
2746,2
2746,1
2746,0
2745,3
2745,2
2745,1
2745,0
2744,3
2744,2
2744,1
2744,0
2743,5
2743,4
2743,3
2743,2
2743,1
2743,0
2742,4
2742,3
2742,2
2742,1
2742,0
2741,3
2741,2
2741,1
2741,0
2740,3
2740,2
2740,1
2740,0
2739,4
2739,3
2739,2
2739,1
2739,0
2738,5
2738,4
2738,3
2738,2
2738,1
2738,0
2737,4
2737,3
2737,2
2737,1
2737,0
2736,6
2736,5
2736,4
2736,3
2736,2
2736,1
2736,0
2735,5
2735,4
2735,3
2735,2
2735,1
2735,0
2734,8
2734,7
2734,6
2734,5
2734,4
2734,3
2734,2
2734,1
2734,0
2733,5
2733,4
2733,3
2733,2
2733,1
2733,0
2732,6
2732,5
2732,4
2732,3
2732,2
2732,1
2732,0
2731,3
2731,2
2731,1
2731,0
2730,4
2730,3
2730,2
2730,1
2730,0
2729,4
2729,3
2729,2
2729,1
2729,0
2728,4
2728,3
2728,2
2728,1
2728,0
2727,3
2727,2
2727,1
2727,0
2726,4
2726,3
2726,2
2726,1
2726,0
2725,3
2725,2
2725,1
2725,0
2724,3
2724,2
2724,1
2724,0
2723,4
2723,3
2723,2
2723,1
2723,0
2722,5
2722,4
2722,3
2722,2
2722,1
2722,0
2721,4
2721,3
2721,2
2721,1
2721,0
2720,3
2720,2
2720,1
2720,0
2719,7
2719,6
2719,5
2719,4
2719,3
2719,2
2719,1
2719,0
2718,3
2718,2
2718,1
2718,0
2717,4
2717,3
2717,2
2717,1
2717,0
2716,3
2716,2
2716,1
2716,0
2715,3
2715,2
2715,1
2715,0
2714,4
2714,3
2714,2
2714,1
2714,0
2713,3
2713,2
2713,1
2713,0
2712,4
2712,3
2712,2
2712,1
2712,0
2711,4
2711,3
2711,2
2711,1
2711,0
2710,3
2710,2
2710,1
2710,0
2709,4
2709,3
2709,2
2709,1
2709,0
2708,5
2708,4
2708,3
2708,2
2708,1
2708,0
2707,4
2707,3
2707,2
2707,1
2707,0
2706,6
2706,5
2706,4
2706,3
2706,2
2706,1
2706,0
2705,5
2705,4
2705,3
2705,2
2705,1
2705,0
2704,6
2704,5
2704,4
2704,3
2704,2
2704,1
2704,0
2703,4
2703,3
2703,2
2703,1
2703,0
2702,4
2702,3
2702,2
2702,1
2702,0
2701,6
2701,5
2701,4
2701,3
2701,2
2701,1
2701,0
2700,4
2700,3
2700,2
2700,1
2700,0
2699,4
2699,3
2699,2
2699,1
2699,0
2698,3
2698,2
2698,1
2698,0
2697,3
2697,2
2697,1
2697,0
2696,4
2696,3
2696,2
2696,1
2696,0
2695,3
2695,2
2695,1
2695,0
2694,3
2694,2
2694,1
2694,0
2693,4
2693,3
2693,2
2693,1
2693,0
2692,4
2692,3
2692,2
2692,1
2692,0
2691,5
2691,4
2691,3
2691,2
2691,1
2691,0
2690,4
2690,3
2690,2
2690,1
2690,0
2689,3
2689,2
2689,1
2689,0
2688,4
2688,3
2688,2
2688,1
2688,0
2687,6
2687,5
2687,4
2687,3
2687,2
2687,1
2687,0
2686,7
2686,6
2686,5
2686,4
2686,3
2686,2
2686,1
2686,0
2685,3
2685,2
2685,1
2685,0
2684,3
2684,2
2684,1
2684,0
2683,3
2683,2
2683,1
2683,0
2682,4
2682,3
2682,2
2682,1
2682,0
2681,5
2681,4
2681,3
2681,2
2681,1
2681,0
2680,9
2680,8
2680,7
2680,6
2680,5
2680,4
2680,3
2680,2
2680,1
2680,0
2679,4
2679,3
2679,2
2679,1
2679,0
2678,5
2678,4
2678,3
2678,2
2678,1
2678,0
2677,5
2677,4
2677,3
2677,2
2677,1
2677,0
2676,9
2676,8
2676,7
2676,6
2676,5
2676,4
2676,3
2676,2
2676,1
2676,0
2675,4
2675,3
2675,2
2675,1
2675,0
2674,3
2674,2
2674,1
2674,0
2673,4
2673,3
2673,2
2673,1
2673,0
2672,3
2672,2
2672,1
2672,0
2671,5
2671,4
2671,3
2671,2
2671,1
2671,0
2670,4
2670,3
2670,2
2670,1
2670,0
2669,3
2669,2
2669,1
2669,0
2668,3
2668,2
2668,1
2668,0
2667,7
2667,6
2667,5
2667,4
2667,3
2667,2
2667,1
2667,0
2666,3
2666,2
2666,1
2666,0
2665,6
2665,5
2665,4
2665,3
2665,2
2665,1
2665,0
2664,3
2664,2
2664,1
2664,0
2663,3
2663,2
2663,1
2663,0
2662,6
2662,5
2662,4
2662,3
2662,2
2662,1
2662,0
2661,6
2661,5
2661,4
2661,3
2661,2
2661,1
2661,0
2660,3
2660,2
2660,1
2660,0
2659,3
2659,2
2659,1
2659,0
2658,4
2658,3
2658,2
2658,1
2658,0
2657,3
2657,2
2657,1
2657,0
2656,4
2656,3
2656,2
2656,1
2656,0
2655,3
2655,2
2655,1
2655,0
2654,4
2654,3
2654,2
2654,1
2654,0
2653,4
2653,3
2653,2
2653,1
2653,0
2652,4
2652,3
2652,2
2652,1
2652,0
2651,3
2651,2
2651,1
2651,0
2650,3
2650,2
2650,1
2650,0
2649,5
2649,4
2649,3
2649,2
2649,1
2649,0
2648,4
2648,3
2648,2
2648,1
2648,0
2647,5
2647,4
2647,3
2647,2
2647,1
2647,0
2646,9
2646,8
2646,7
2646,6
2646,5
2646,4
2646,3
2646,2
2646,1
2646,0
2645,3
2645,2
2645,1
2645,0
2644,3
2644,2
2644,1
2644,0
2643,3
2643,2
2643,1
2643,0
2642,3
2642,2
2642,1
2642,0
2641,3
2641,2
2641,1
2641,0
2640,3
2640,2
2640,1
2640,0
2639,3
2639,2
2639,1
2639,0
2638,5
2638,4
2638,3
2638,2
2638,1
2638,0
2637,3
2637,2
2637,1
2637,0
2636,7
2636,6
2636,5
2636,4
2636,3
2636,2
2636,1
2636,0
2635,5
2635,4
2635,3
2635,2
2635,1
2635,0
2634,4
2634,3
2634,2
2634,1
2634,0
2633,13
2633,12
2633,11
2633,10
2633,9
2633,8
2633,7
2633,6
2633,5
2633,4
2633,3
2633,2
2633,1
2633,0
0,421
2632,3
2632,2
2632,1
2632,0
2631,3
2631,2
2631,1
2631,0
2630,4
2630,3
2630,2
2630,1
2630,0
2629,3
2629,2
2629,1
2629,0
2628,3
2628,2
2628,1
2628,0
2627,6
2627,5
2627,4
2627,3
2627,2
2627,1
2627,0
2626,4
2626,3
2626,2
2626,1
2626,0
2625,4
2625,3
2625,2
2625,1
2625,0
2624,4
2624,3
2624,2
2624,1
2624,0
2623,4
2623,3
2623,2
2623,1
2623,0
2622,3
2622,2
2622,1
2622,0
2621,3
2621,2
2621,1
2621,0
0,444
2620,4
2620,3
2620,2
2620,1
2620,0
2619,3
2619,2
2619,1
2619,0
2618,3
2618,2
2618,1
2618,0
2617,4
2617,3
2617,2
2617,1
2617,0
2616,3
2616,2
2616,1
2616,0
2615,9
2615,8
2615,7
2615,6
2615,5
2615,4
2615,3
2615,2
2615,1
2615,0
2614,4
2614,3
2614,2
2614,1
2614,0
2613,3
2613,2
2613,1
2613,0
2612,3
2612,2
2612,1
2612,0
2611,4
2611,3
2611,2
2611,1
2611,0
2610,4
2610,3
2610,2
2610,1
2610,0
2609,3
2609,2
2609,1
2609,0
2608,3
2608,2
2608,1
2608,0
2607,4
2607,3
2607,2
2607,1
2607,0
2606,5
2606,4
2606,3
2606,2
2606,1
2606,0
2605,6
2605,5
2605,4
2605,3
2605,2
2605,1
2605,0
2604,5
2604,4
2604,3
2604,2
2604,1
2604,0
2603,3
2603,2
2603,1
2603,0
2602,4
2602,3
2602,2
2602,1
2602,0
2601,4
2601,3
2601,2
2601,1
2601,0
2600,3
2600,2
2600,1
2600,0
2599,4
2599,3
2599,2
2599,1
2599,0
2598,3
2598,2
2598,1
2598,0
2597,4
2597,3
2597,2
2597,1
2597,0
2596,3
2596,2
2596,1
2596,0
2595,4
2595,3
2595,2
2595,1
2595,0
2594,6
2594,5
2594,4
2594,3
2594,2
2594,1
2594,0
2593,5
2593,4
2593,3
2593,2
2593,1
2593,0
2592,5
2592,4
2592,3
2592,2
2592,1
2592,0
2591,3
2591,2
2591,1
2591,0
2590,3
2590,2
2590,1
2590,0
2589,6
2589,5
2589,4
2589,3
2589,2
2589,1
2589,0
2,214
2588,6
2588,5
2588,4
2588,3
2588,2
2588,1
2588,0
2587,6
2587,5
2587,4
2587,3
2587,2
2587,1
2587,0
2,213
2586,8
2586,7
2586,6
2586,5
2586,4
2586,3
2586,2
2586,1
2586,0
2585,5
2585,4
2585,3
2585,2
2585,1
2585,0
2584,5
2584,4
2584,3
2584,2
2584,1
2584,0
2583,4
2583,3
2583,2
2583,1
2583,0
2582,3
2582,2
2582,1
2582,0
2581,6
2581,5
2581,4
2581,3
2581,2
2581,1
2581,0
2580,3
2580,2
2580,1
2580,0
2579,3
2579,2
2579,1
2579,0
2578,5
2578,4
2578,3
2578,2
2578,1
2578,0
2577,4
2577,3
2577,2
2577,1
2577,0
2576,4
2576,3
2576,2
2576,1
2576,0
2575,4
2575,3
2575,2
2575,1
2575,0
2574,4
2574,3
2574,2
2574,1
2574,0
2573,4
2573,3
2573,2
2573,1
2573,0
0,416
2572,4
2572,3
2572,2
2572,1
2572,0
2571,4
2571,3
2571,2
2571,1
2571,0
2,212
2570,4
2570,3
2570,2
2570,1
2570,0
2569,4
2569,3
2569,2
2569,1
2569,0
2568,4
2568,3
2568,2
2568,1
2568,0
2,211
2567,4
2567,3
2567,2
2567,1
2567,0
2566,4
2566,3
2566,2
2566,1
2566,0
2565,5
2565,4
2565,3
2565,2
2565,1
2565,0
0,411
2564,4
2564,3
2564,2
2564,1
2564,0
2563,4
2563,3
2563,2
2563,1
2563,0
2562,4
2562,3
2562,2
2562,1
2562,0
2,210
0,402
2561,4
2561,3
2561,2
2561,1
2561,0
2560,3
2560,2
2560,1
2560,0
2559,4
2559,3
2559,2
2559,1
2559,0
2,209
2558,4
2558,3
2558,2
2558,1
2558,0
0,401
2557,3
2557,2
2557,1
2557,0
0,398
2556,6
2556,5
2556,4
2556,3
2556,2
2556,1
2556,0
2555,3
2555,2
2555,1
2555,0
2,208
2554,6
2554,5
2554,4
2554,3
2554,2
2554,1
2554,0
2553,6
2553,5
2553,4
2553,3
2553,2
2553,1
2553,0
0,395
2552,4
2552,3
2552,2
2552,1
2552,0
2551,3
2551,2
2551,1
2551,0
2550,3
2550,2
2550,1
2550,0
2549,4
2549,3
2549,2
2549,1
2549,0
2548,3
2548,2
2548,1
2548,0
2547,6
2547,5
2547,4
2547,3
2547,2
2547,1
2547,0
2,207
2546,3
2546,2
2546,1
2546,0
2,206
2545,3
2545,2
2545,1
2545,0
2,205
2544,4
2544,3
2544,2
2544,1
2544,0
2543,7
2543,6
2543,5
2543,4
2543,3
2543,2
2543,1
2543,0
2542,4
2542,3
2542,2
2542,1
2542,0
2541,3
2541,2
2541,1
2541,0
2,204
2540,3
2540,2
2540,1
2540,0
2539,3
2539,2
2539,1
2539,0
2538,3
2538,2
2538,1
2538,0
2537,3
2537,2
2537,1
2537,0
2536,3
2536,2
2536,1
2536,0
2535,3
2535,2
2535,1
2535,0
2534,4
2534,3
2534,2
2534,1
2534,0
2533,5
2533,4
2533,3
2533,2
2533,1
2533,0
2532,3
2532,2
2532,1
2532,0
2531,5
2531,4
2531,3
2531,2
2531,1
2531,0
2530,3
2530,2
2530,1
2530,0
2529,3
2529,2
2529,1
2529,0
2,203
0,385
2528,6
2528,5
2528,4
2528,3
2528,2
2528,1
2528,0
2527,13
2527,12
2527,11
2527,10
2527,9
2527,8
2527,7
2527,6
2527,5
2527,4
2527,3
2527,2
2527,1
2527,0
2526,4
2526,3
2526,2
2526,1
2526,0
0,502
2525,4
2525,3
2525,2
2525,1
2525,0
2524,3
2524,2
2524,1
2524,0
2523,3
2523,2
2523,1
2523,0
2522,3
2522,2
2522,1
2522,0
2521,3
2521,2
2521,1
2521,0
2520,3
2520,2
2520,1
2520,0
2519,3
2519,2
2519,1
2519,0
2518,3
2518,2
2518,1
2518,0
2517,3
2517,2
2517,1
2517,0
2516,3
2516,2
2516,1
2516,0
2515,4
2515,3
2515,2
0,511
2515,1
2515,0
2514,4
2514,3
2514,2
2514,1
2514,0
2,202
2513,3
2513,2
2513,1
2513,0
2512,3
2512,2
2512,1
2512,0
2511,3
2511,2
2511,1
2511,0
2510,3
2510,2
2510,1
2510,0
2509,5
2509,4
2509,3
2509,2
2509,1
2509,0
2508,4
2508,3
2508,2
2508,1
2508,0
2507,5
2507,4
2507,3
2507,2
2507,1
2507,0
2506,5
2506,4
2506,3
2506,2
2506,1
2506,0
0,499
2505,4
2505,3
2505,2
2505,1
2505,0
2504,4
2504,3
2504,2
2504,1
2504,0
1,8
2503,4
2503,3
2503,2
2503,1
2503,0
2502,8
2502,7
2502,6
2502,5
2502,4
2502,3
2502,2
2502,1
2502,0
2501,6
2501,5
2501,4
2501,3
2501,2
2501,1
2501,0
2500,8
2500,7
2500,6
2500,5
2500,4
2500,3
2500,2
2500,1
2500,0
2499,4
2499,3
2499,2
2499,1
2499,0
2498,3
2498,2
2498,1
2498,0
2497,4
2497,3
2497,2
2497,1
2497,0
2496,5
2496,4
2496,3
2496,2
2496,1
2496,0
2495,4
2495,3
2495,2
2495,1
2495,0
2494,3
2494,2
2494,1
2494,0
2493,4
2493,3
2493,2
2493,1
2493,0
2492,3
2492,2
2492,1
2492,0
2491,5
2491,4
2491,3
2491,2
2491,1
2491,0
2490,3
2490,2
2490,1
2490,0
2489,3
2489,2
2489,1
2489,0
2488,3
2488,2
2488,1
2488,0
2487,5
2487,4
2487,3
2487,2
2487,1
2487,0
2486,3
2486,2
2486,1
2486,0
2485,3
2485,2
2485,1
2485,0
2484,6
0,429
2484,5
2484,4
2484,3
2484,2
2484,1
2484,0
2,201
2483,5
2483,4
2483,3
2483,2
2483,1
2483,0
2,200
2482,8
2482,7
2482,6
2482,5
2482,4
2482,3
2482,2
2482,1
2482,0
2481,4
2481,3
2481,2
2481,1
2481,0
2480,4
2480,3
2480,2
2480,1
2480,0
2,199
2479,5
2479,4
2479,3
2479,2
2479,1
2479,0
2,198
2478,16
2478,15
2478,14
2478,13
2478,12
2478,11
2478,10
2478,9
2478,8
2478,7
2478,6
2478,5
2478,4
2478,3
2478,2
2478,1
2478,0
2477,3
2477,2
2477,1
2477,0
2476,3
2476,2
2476,1
2476,0
2475,4
2475,3
2475,2
2475,1
2475,0
2474,3
2474,2
2474,1
2474,0
2473,3
2473,2
2473,1
2473,0
2472,4
2472,3
2472,2
2472,1
2472,0
2471,5
2471,4
2471,3
2471,2
2471,1
2471,0
2470,4
2470,3
2470,2
2470,1
2470,0
2469,3
2469,2
2469,1
2469,0
2468,7
2468,6
2468,5
2468,4
2468,3
2468,2
2468,1
2468,0
2467,3
2467,2
2467,1
2467,0
2466,3
2466,2
2466,1
2466,0
2465,4
2465,3
2465,2
2465,1
2465,0
2464,4
2464,3
2464,2
2464,1
2464,0
2463,4
2463,3
2463,2
2463,1
2463,0
2462,6
2462,5
2462,4
2462,3
2462,2
2462,1
2462,0
2461,5
2461,4
2461,3
2461,2
2461,1
2461,0
2,197
2460,6
2460,5
2460,4
2460,3
2460,2
2460,1
2460,0
2459,4
2459,3
2459,2
0,498
2459,1
2459,0
2458,4
2458,3
2458,2
2458,1
2458,0
2457,6
2457,5
2457,4
2457,3
2457,2
2457,1
2457,0
2456,3
2456,2
2456,1
2456,0
0,495
2455,3
2455,2
2455,1
2455,0
2454,4
2454,3
2454,2
2454,1
2454,0
2453,3
2453,2
2453,1
2453,0
2452,3
2452,2
2452,1
2452,0
2451,4
2451,3
2451,2
2451,1
2451,0
2450,3
2450,2
2450,1
2450,0
2449,3
2449,2
2449,1
2449,0
2448,4
2448,3
2448,2
2448,1
2448,0
2447,5
2447,4
2447,3
2447,2
2447,1
2447,0
2446,4
2446,3
2446,2
2446,1
2446,0
2445,3
2445,2
2445,1
2445,0
2444,4
2444,3
2444,2
0,428
2444,1
2444,0
2443,6
2443,5
2443,4
2443,3
2443,2
2443,1
2443,0
2442,7
2442,6
2442,5
2442,4
2442,3
2442,2
2442,1
2442,0
2441,3
2441,2
2441,1
2441,0
2440,3
2440,2
2440,1
2440,0
2439,3
2439,2
0,405
2439,1
2439,0
2,196
2438,4
2438,3
2438,2
2438,1
2438,0
2437,5
2437,4
2437,3
2437,2
2437,1
2437,0
2436,9
2436,8
2436,7
2436,6
2436,5
2436,4
2436,3
2436,2
2436,1
2436,0
0,492
2435,4
2435,3
2435,2
2435,1
2435,0
2434,5
2434,4
2434,3
2434,2
2434,1
2434,0
2433,5
2433,4
2433,3
2433,2
2433,1
2433,0
0,491
2432,9
2432,8
2432,7
2432,6
2432,5
2432,4
2432,3
2432,2
2432,1
2432,0
2431,3
2431,2
2431,1
2431,0
2430,3
2430,2
2430,1
2430,0
2429,5
2429,4
2429,3
2429,2
2429,1
2429,0
2428,3
2428,2
2428,1
2428,0
2427,3
2427,2
2427,1
2427,0
2,195
0,489
2426,7
2426,6
2426,5
2426,4
2426,3
2426,2
2426,1
2426,0
2425,3
2425,2
2425,1
2425,0
2424,6
2424,5
2424,4
2424,3
2424,2
2424,1
2424,0
0,488
2423,3
2423,2
2423,1
2423,0
2422,6
2422,5
2422,4
2422,3
2422,2
2422,1
2422,0
2421,3
2421,2
2421,1
2421,0
2420,6
2420,5
2420,4
2420,3
2420,2
2420,1
2420,0
2419,3
2419,2
2419,1
2419,0
2418,3
2418,2
2418,1
2418,0
2417,4
2417,3
2417,2
2417,1
2417,0
2416,4
2416,3
2416,2
2416,1
2416,0
2415,4
0,507
2415,3
2415,2
2415,1
2415,0
2414,3
2414,2
2414,1
2414,0
2413,3
2413,2
2413,1
2413,0
2412,5
2412,4
2412,3
2412,2
2412,1
2412,0
0,482
2411,4
2411,3
2411,2
2411,1
2411,0
2,194
2410,5
2410,4
2410,3
2410,2
2410,1
2410,0
2409,9
2409,8
2409,7
2409,6
2409,5
2409,4
2409,3
2409,2
2409,1
2409,0
2408,5
2408,4
2408,3
2408,2
2408,1
2408,0
2407,3
2407,2
2407,1
2407,0
2406,4
2406,3
2406,2
2406,1
2406,0
2405,3
2405,2
2405,1
2405,0
2404,3
2404,2
2404,1
2404,0
0,481
2403,3
2403,2
2403,1
2403,0
0,480
2402,5
2402,4
2402,3
2402,2
0,425
2402,1
2402,0
2401,3
2401,2
2401,1
2401,0
2400,3
2400,2
2400,1
2400,0
0,479
2399,3
2399,2
2399,1
2399,0
2398,3
2398,2
2398,1
2398,0
2397,7
2397,6
2397,5
2397,4
2397,3
2397,2
2397,1
2397,0
2,193
2396,13
2396,12
2396,11
2396,10
2396,9
2396,8
2396,7
2396,6
2396,5
2396,4
2396,3
2396,2
2396,1
2396,0
2395,3
2395,2
2395,1
2395,0
2394,3
2394,2
2394,1
2394,0
2393,6
2393,5
2393,4
2393,3
2393,2
2393,1
2393,0
2392,4
2392,3
2392,2
2392,1
2392,0
2391,4
2391,3
2391,2
2391,1
2391,0
2390,3
2390,2
0,478
2390,1
2390,0
2389,3
2389,2
2389,1
2389,0
2388,4
2388,3
2388,2
2388,1
2388,0
2387,3
2387,2
2387,1
2387,0
2386,3
2386,2
2386,1
2386,0
2385,3
2385,2
2385,1
2385,0
2384,4
2384,3
2384,2
2384,1
2384,0
2383,9
2383,8
2383,7
2383,6
2383,5
2383,4
2383,3
2383,2
2383,1
2383,0
0,477
2382,4
2382,3
2382,2
2382,1
2382,0
2381,3
2381,2
2381,1
2381,0
0,442
0,475
0,473
0,471
0,470
0,413
0,467
0,466
0,348
0,465
1210,0
1207,4
1207,3
1207,1
1207,0
1206,4
1206,3
1206,1
1206,0
1205,4
1205,3
1205,1
1205,0
2,192
2,128
2,127
2,126
2,125
2,124
2,123
2,122
2,121
2,120
2,119
2,118
2,117
2,116
2,115
2,114
2,113
2,111
2,110
2,104
2,103
2,101
2,99
2,98
2,96
2,95
2,94
2,92
2,91
2,89
2,88
2,87
2,86
2,85
2,84
2,83
2,82
2,78
2,77
2,76
2,74
2,73
2,72
2,71
2,70
2,69
2,68
2,65
2,112
2,1
1,7
2,3
1,6
2,0
1,5
4,1
1,3
4,3
1,1
4,0
1,0
0,509
0,500
0,490
0,486
0,441
0,424
0,408
0,404
0,368
1226,12
0,351
1226,1
0,335
1226,3
0,334
0,484
0,322
0,320
0,501
0,311
1226,0
0,420
0,243
0,9
0,310
0,305
0,423
0,410
0,440
0,436
0,392
0,483
0,337
0,330
0,403
0,386
0,308
0,304
0,303
0,302
0,307
0,457
0,12
0,485
0,10
0,329
0,8
0,0
0,319
0,300
0,456
0,299
0,379
0,298
0,454
0,297
0,427
0,296
0,333
0,295
0,417
0,294
0,449
0,293
0,341
0,292
0,510
0,291
0,497
0,290
0,506
0,289
0,397
0,288
0,306
0,287
0,286
0,493
0,285
0,472
0,284
0,505
0,283
0,339
0,282
0,332
0,281
0,360
0,280
0,508
0,279
0,439
0,278
0,331
0,277
0,438
0,276
0,355
0,275
1210,1
1210,3
1211,1
1211,3
1212,1
1212,3
1213,1
1214,0
1214,1
1214,4
1214,5
1215,1
1215,5
1217,0
1217,3
1217,4
1218,0
1218,1
1218,5
1220,1
1220,3
1221,0
1221,1
1222,0
1222,3
1223,0
1223,3
1223,4
1224,1
1224,3
1225,1
1226,2
1226,4
1226,6
1226,7
1226,9
1226,11
1226,13
1227,1
1227,3
1228,1
1228,3
1228,5
1239,1
1239,3
1239,5
1239,6
1239,8
1240,0
1240,1
1240,4
1240,5
1241,1
1242,0
1242,1
1242,4
1242,5
1243,1
1243,3
1252,1
1252,4
1252,7
1252,9
1255,0
1255,3
1256,1
1256,3
1256,5
1256,6
1262,1
1262,3
1263,0
1263,3
1263,4
1264,0
1264,1
1264,4
1265,1
1265,3
1266,0
1266,1
1267,0
1267,1
1268,0
1268,3
1268,4
1268,6
1268,7
1268,9
1269,1
1269,3
1269,5
1273,0
1273,3
1274,0
1274,1
1274,4
1275,0
1275,3
1276,0
1276,3
1278,1
1278,3
1278,5
1278,7
1281,1
1282,0
1282,1
1282,4
1283,0
1283,3
1283,5
1284,1
1284,4
1286,0
1286,3
1287,0
1287,3
1288,1
1288,3
1289,0
1289,1
1290,0
1290,1
1292,0
1292,3
1293,0
1293,2
1293,3
1293,5
1294,0
1294,1
1294,4
1294,5
1294,9
1294,10
1294,12
1295,1
1295,3
1296,0
1296,1
1296,6
1297,1
1297,3
1298,1
1298,3
1298,6
1299,1
1299,3
1300,1
1300,3
1300,5
1303,0
1303,3
1304,1
1304,3
1306,0
1306,1
1306,4
1307,1
1307,3
1308,1
1308,3
1309,1
1309,3
1313,1
1313,4
1314,0
1314,3
1314,4
1315,0
1315,3
1315,4
1320,1
1320,3
1323,1
1323,3
1324,0
1324,3
1345,0
1345,3
1345,6
1346,1
1346,4
1347,0
1347,3
1347,4
1348,1
1348,4
1350,0
1350,3
1351,0
1351,3
1352,0
1352,3
1352,5
1353,0
1353,3
1353,4
1354,1
1355,0
1355,1
1355,4
1356,0
1356,3
1359,0
1359,3
1360,1
1360,3
1360,6
1362,0
1362,3
1363,1
1363,3
1364,0
1364,1
1370,0
1370,1
1375,0
1375,3
1375,4
1381,1
1381,3
1382,0
1382,3
1383,0
1383,3
1383,4
1383,6
1387,0
1387,3
1387,5
1387,8
1387,10
1387,11
1387,13
1388,1
1388,3
1392,0
1392,1
1394,0
1394,3
1394,4
1394,6
1394,7
1401,0
1401,1
1410,0
1410,3
1413,0
1413,3
1415,0
1415,3
1416,1
1416,3
1417,1
1417,3
1417,6
1418,0
1418,3
1426,1
1426,3
1430,1
1430,3
1436,1
1464,0
1464,1
1466,0
1466,1
1466,4
1466,5
1466,7
1467,1
1467,3
1468,1
1468,3
1470,1
1472,0
1472,1
1474,0
1474,1
1474,3
1478,1
1478,3
1486,1
1486,3
1486,5
1499,0
1499,3
1500,1
1500,3
1500,5
2161,0
2161,2
2162,0
2162,1
2162,3
2162,4
2163,1
2163,2
2163,4
2163,6
2163,7
2163,9
2164,0
2164,2
2165,0
2165,1
2165,3
2165,4
2166,1
2166,2
2167,0
2167,2
2167,3
2168,1
2168,2
2168,4
2169,1
2169,2
2170,0
2170,1
2170,3
2171,1
2171,2
2171,4
2172,0
2172,2
2172,3
2173,0
2173,2
2173,3
2174,0
2174,1
2174,3
2175,0
2175,1
2175,3
2175,4
2176,0
2176,1
2176,3
2177,1
2177,2
2178,0
2178,1
2178,3
2179,0
2179,1
2179,3
2180,0
2180,2
2180,3
2181,1
2181,3
2181,4
2181,6
2181,7
2181,9
2181,11
2181,12
2182,1
2182,2
2182,4
2183,0
2183,2
2183,4
2183,5
2184,1
2184,2
2185,0
2185,2
2185,3
2186,1
2186,2
2187,0
2187,2
2187,3
2188,1
2188,2
2189,0
2189,1
2189,3
2190,1
2190,2
2191,0
2191,1
2191,3
2192,1
2192,2
2193,0
2193,1
2193,3
2194,0
2194,2
2194,4
2194,5
2194,7
2194,8
2195,0
2195,2
2195,3
2195,5
2196,0
2196,2
2196,3
2197,0
2197,2
2197,3
2198,0
2198,1
2198,3
2199,1
2199,2
2200,0
2200,1
2200,3
2201,0
2201,1
2201,3
2201,4
2202,1
2202,2
2203,0
2203,2
2203,3
2204,0
2204,1
2204,3
2205,1
2205,2
2206,0
2206,1
2206,3
2206,4
2206,6
2207,1
2207,2
2208,0
2208,1
2208,3
2208,5
2208,6
2209,1
2209,2
2210,0
2210,1
2210,3
2210,5
2210,6
2211,0
2211,1
2211,3
2212,1
2212,2
2213,0
2213,1
2213,3
2213,4
2214,1
2214,3
2214,4
2215,0
2215,1
2215,3
2216,1
2216,2
2216,4
2217,0
2217,2
2218,0
2218,1
2218,3
2218,4
2219,1
2219,2
2219,4
2219,6
2219,7
2219,9
2220,0
2220,2
2220,4
2220,5
2221,1
2221,2
2221,4
2221,5
2222,1
2222,3
2222,4
2223,1
2223,2
2223,4
2223,6
2223,7
2223,9
2224,0
2224,2
2224,3
2225,0
2225,2
2225,3
2226,0
2226,1
2226,3
2227,1
2227,2
2228,0
2228,1
2228,3
2229,1
2229,2
2229,4
2229,5
2229,7
2230,0
2230,2
2230,4
2230,5
2231,0
2231,1
2231,3
2232,0
2232,1
2232,3
2233,0
2233,2
2233,3
2234,0
2234,2
2234,3
2234,5
2235,0
2235,2
2235,4
2236,0
2236,2
2236,3
2237,0
2237,1
2237,3
2238,1
2238,2
2239,0
2239,1
2239,3
2240,0
2240,1
2240,3
2241,0
2241,2
2241,3
2242,1
2242,3
2242,4
2243,1
2243,2
2243,4
2244,1
2244,2
2244,4
2244,5
2245,0
2245,2
2245,3
2246,0
2246,1
2246,3
2246,4
2247,1
2247,3
2247,4
2248,1
2248,2
2248,4
2248,6
2249,0
2249,2
2249,3
2249,5
2250,0
2250,2
2250,4
2250,5
2251,0
2251,1
2251,3
2252,0
2252,1
2252,3
2252,4
2253,0
2253,1
2253,3
2254,0
2254,1
2254,3
2255,0
2255,2
2255,4
2256,0
2256,2
2256,3
2257,0
2257,2
2257,3
2258,1
2258,2
2259,0
2259,1
2259,3
2260,1
2260,2
2260,4
2261,0
2261,2
2262,0
2262,1
2262,3
2262,4
2262,6
2262,7
2263,1
2263,3
2264,0
2264,2
2264,3
2265,0
2265,2
2265,3
2265,5
2266,0
2266,2
2266,3
2267,0
2267,2
2267,3
2268,1
2268,2
2269,0
2269,2
2269,3
2270,0
2270,1
2270,3
2271,1
2271,2
2271,4
2272,0
2272,2
2272,3
2273,0
2273,2
2273,3
2274,1
2274,2
2274,4
2274,6
2275,0
2275,2
2275,3
2275,5
2276,0
2276,2
2276,4
2276,5
2276,7
2277,0
2277,2
2278,0
2278,1
2278,3
2278,4
2278,6
2279,0
2279,2
2279,4
2280,0
2280,2
2280,3
2280,5
2281,1
2281,2
2282,0
2282,1
2282,3
2283,0
2283,2
2284,0
2284,1
2284,3
2284,4
2285,1
2285,3
2285,4
2286,0
2286,1
2286,3
2287,1
2287,2
2288,0
2288,1
2288,3
2289,0
2289,2
2289,4
2289,5
2290,1
2290,2
2291,0
2291,2
2291,3
2292,0
2292,1
2292,3
2293,0
2293,2
2293,4
2293,5
2293,7
2293,8
2293,10
2293,12
2293,13
2294,0
2294,1
2294,3
2295,0
2295,2
2295,4
2295,5
2296,1
2296,2
2296,4
2297,1
2297,2
2298,0
2298,1
2298,3
2298,5
2298,6
2298,8
2299,0
2299,2
2299,3
2300,1
2300,3
2300,4
2300,6
2300,7
2301,0
2301,2
2301,3
2302,0
2302,1
2302,3
2302,4
2303,1
2303,3
2304,0
2304,2
2304,3
2305,1
2305,3
2306,0
2306,2
2306,3
2307,0
2307,1
2307,3
2308,1
2308,2
2308,4
2308,5
2309,1
2309,3
2310,0
2310,2
2310,3
2310,5
2311,0
2311,2
2311,4
2312,0
2312,2
2312,3
2313,0
2313,2
2313,3
2314,1
2314,2
2315,0
2315,2
2315,3
1,2
2316,1
2316,2
2317,0
2317,1
2317,3
2318,0
2318,1
2318,3
2318,4
2319,1
2319,3
2320,0
2320,2
2320,3
2321,1
2321,2
2322,0
2322,2
2322,3
2323,1
2323,2
2323,4
2324,1
2324,2
2325,0
2325,1
2325,3
2325,4
2326,1
2326,3
2327,0
2327,2
2327,3
2328,1
2328,3
2329,0
2329,2
2329,3
2330,1
2330,3
2330,4
2331,1
2331,2
2332,0
2332,1
2332,3
2333,1
2333,2
2333,4
2334,0
2334,2
2334,4
2334,5
2335,0
2335,1
2335,3
2336,0
2336,2
2336,4
2336,5
2337,0
2337,1
2337,3
2337,5
2337,6
2338,0
2338,1
2338,3
2338,4
2339,1
2339,3
2339,4
2340,1
2340,2
2340,4
2341,1
2341,2
2342,0
2342,1
2342,3
2342,4
2342,6
2343,1
2343,2
2343,4
2343,5
2344,0
2344,2
2344,3
2344,5
2344,6
2344,8
2345,1
2345,2
2345,4
2345,5
2346,1
2346,2
2347,0
2347,2
2347,3
2348,1
2348,2
2349,0
2349,2
2349,3
2350,0
2350,1
2350,3
2351,0
2351,2
2352,0
2352,1
2352,3
2352,4
2353,1
2353,3
2353,4
2353,6
2354,0
2354,2
0,394
2354,3
2354,5
2354,7
2355,0
2355,2
2355,3
2355,5
2356,0
2356,1
2356,3
2356,4
2357,0
2357,2
2357,3
2358,1
2358,2
2359,0
2359,1
2359,3
2359,5
2360,0
2360,2
2360,3
2361,1
2361,3
2361,4
2362,1
2362,2
2362,4
2362,5
2363,1
2363,3
2364,0
2364,2
2364,3
2365,1
2365,3
2365,4
2365,6
2366,0
2366,2
2366,3
2367,1
2367,3
2367,4
2368,1
2368,2
2369,0
2369,2
2369,3
2370,1
2370,2
2371,0
2371,2
2371,3
2372,1
2372,2
2372,4
2372,5
2373,1
2373,3
0,503
2373,4
2374,1
2374,2
2374,4
2375,0
2375,1
2375,3
2376,0
2376,2
2376,3
2377,0
2377,2
2377,3
2378,0
2378,1
2378,3
2378,5
2378,6
2379,0
2379,1
2379,3
2380,0
2380,2
2380,4
1347,5
1206,6
1206,8
0,419
0,373
2,2
2,107
2,105
0,504
0,323
1206,9
1206,7
1206,5
1256,2
1306,2
1269,2
1268,2
2380,3
2380,1
2379,2
2378,7
2378,4
2378,2
2377,4
2377,1
2376,4
2376,1
2375,2
2374,5
2374,3
2374,0
2373,2
2373,0
2372,3
2372,0
2371,1
2370,3
2370,0
2369,1
2368,3
2368,0
2367,2
2367,0
2366,1
2365,5
2365,2
2365,0
2364,1
2363,2
2363,0
2362,3
2362,0
2361,2
2361,0
2360,1
2359,4
2359,2
2358,3
2358,0
2357,1
2356,5
2356,2
2355,6
2355,4
2355,1
2354,6
2354,4
2354,1
2353,5
2353,2
2353,0
2352,2
2351,3
2351,1
2350,2
2349,4
2349,1
2348,3
2348,0
2347,1
2346,3
2346,0
2345,3
2345,0
2344,7
2344,4
2344,1
2343,6
2343,3
2343,0
2342,5
2342,2
2341,3
2341,0
2340,3
2340,0
2339,2
2339,0
2338,2
2337,7
2337,4
2337,2
2336,6
2336,3
2336,1
2335,2
2334,6
2334,3
2334,1
2333,3
